Solution Path(s)

[0, 1120, 719, 2202, 1787, 806, 2328, 2148, 454, 2232, 2334, 449, 2457]
[0, 2, 1160, 2373, 1467, 1996, 1306, 2432, 1007, 1994, 333, 1206, 148, 1440, 682]
[0, 1556, 15, 78, 1137, 504, 1404, 1476, 577, 1973, 1426, 1978]
[0, 611, 157, 1723, 1039, 20, 2468, 30, 2291, 2097, 1722, 2340, 2259, 949, 2305, 1143]


Solution Vertices(s)

[0.1, 0.1]
[0.037865501292187034, 0.2698674867121704]
[-0.0312151244817943, 0.5856944457570596]
[-0.07239711127907916, 0.9622908515175297]
[-0.11364508069630912, 1.1911528939202953]
[-0.0655630252704967, 1.4072199712459168]
[0.04619685608966965, 1.7587436283066755]
[-0.07927156739846987, 2.050734049700512]
[0.16865092868839596, 2.346915947267024]
[-0.1652763156872184, 2.4516653053498434]
[-0.38546306733222835, 2.766609311335151]
[-0.5643048914829133, 3.0954238101101246]
[-0.6586079893308168, 3.4101299039164368]

[0.1, 0.1]
[0.2828, 0.337875]
[0.37450669182773244, 0.7001018062329227]
[0.5315830376734595, 0.8445364236747444]
[0.6998535929347255, 1.0829701335169366]
[0.962468929289627, 1.3750957619165975]
[1.1549178496528938, 1.6043092433895985]
[1.2979055515634983, 1.9199330438271227]
[1.5008257616171017, 2.1692796483071652]
[1.618657235766798, 2.358110941960135]
[1.9070809659155508, 2.566564057922803]
[1.9420160005699523, 2.931020727155456]
[2.141537, 3.275744]
[2.422939103479304, 3.267663835354443]
[2.4752703392803572, 3.460125548163121]

[0.1, 0.1]
[-0.09450140354946292, 0.02978972222212914]
[-0.448683, -0.110548]
[-0.7478706002017975, -0.24854586933113781]
[-0.9529639955342378, -0.43798499579277533]
[-1.1161620260951224, -0.5908357921333006]
[-1.3934286121861998, -0.8268895242626416]
[-1.5731525434015063, -0.9604730637430622]
[-1.7347785174154935, -1.1226214106448646]
[-1.9471177688840884, -1.3939737837994701]
[-2.2259103726542615, -1.6731453527730287]
[-2.4618177867968813, -1.9886790429097487]

[0.1, 0.1]
[0.3200985774161691, -0.19616906750393834]
[0.44903358800293036, -0.42685407065171127]
[0.6725345400045113, -0.5992671577513771]
[0.9957914858162283, -0.7450406803866414]
[1.178769, -1.009128]
[1.2959445989125664, -1.1823872993616094]
[1.54741, -1.439173]
[1.7092554689633446, -1.739032188891261]
[1.9598265296553408, -1.9260305393838253]
[1.9087501979809225, -2.2744632341598052]
[2.087084888949643, -2.5180975022404857]
[2.2824989381250527, -2.7422490925983833]
[2.4770676039638264, -2.9170291183169157]
[2.618612406988117, -3.1604186905777225]
[2.978541934071591, -3.042965370419805]

Solution Cost(s)

23.625734139466886
35.13159139089174
19.395620296878423
38.96279532925837
