Solution Path(s)

[0, 2, 11, 14, 16, 19, 34, 38, 47, 51, 53, 77, 94, 250, 425, 888, 920]
[0, 2, 11, 14, 16, 19, 34, 38, 47, 50, 56, 95, 102, 103, 110, 119, 123, 147, 177, 209, 301, 364, 562, 681]
[0, 8, 10, 12, 13, 15, 17, 20, 21, 22, 25, 44, 58, 74, 116, 409, 962]
[0, 1, 3, 4, 7, 9, 24, 29, 30, 31, 32, 33, 37, 45, 59, 60, 68, 71, 75, 83, 93, 158, 221, 269, 447, 463]


Solution Vertices(s)

[0.1, 0.1]
[0.225912, 0.372298]
[0.354682, 0.643256]
[0.267584, 0.930334]
[0.313152, 1.226853]
[0.153952, 1.481127]
[-0.031989, 1.716554]
[-0.018394, 2.016246]
[0.160353, 2.257181]
[0.046064, 2.534558]
[-0.084529, 2.804642]
[-0.377378, 2.869752]
[-0.348582, 3.168367]
[-0.41155367124017983, 3.1496345442022258]
[-0.43186340057716566, 3.1471631028482707]
[-0.5168992321271398, 3.2506623360222306]
[-0.6457140319233879, 3.4052451909851693]

[0.1, 0.1]
[0.225912, 0.372298]
[0.354682, 0.643256]
[0.267584, 0.930334]
[0.313152, 1.226853]
[0.153952, 1.481127]
[-0.031989, 1.716554]
[-0.018394, 2.016246]
[0.160353, 2.257181]
[0.432835, 2.382693]
[0.675617, 2.558922]
[0.932571, 2.71376]
[0.796262, 2.981005]
[1.044605, 3.149308]
[1.286736, 3.326431]
[1.068232, 3.531994]
[1.207301, 3.797813]
[1.461617, 3.956946]
[1.761465, 3.947401]
[1.950991, 3.71485]
[2.219419, 3.848815]
[2.508083, 3.767125]
[2.706537, 3.542145]
[2.4899332204625515, 3.4776472930209974]

[0.1, 0.1]
[-0.199511, 0.082881]
[-0.431757, -0.107018]
[-0.702011, 0.023224]
[-0.994147, 0.091461]
[-1.106486, -0.186712]
[-1.402937, -0.140706]
[-1.557818, -0.397634]
[-1.857818, -0.397442]
[-2.088442, -0.589308]
[-2.156549, -0.881475]
[-2.206516, -1.177285]
[-2.354758, -1.4381]
[-2.587513, -1.627376]
[-2.361678, -1.824857]
[-2.3444784580478415, -1.9054794112549553]
[-2.450556904128857, -1.902841445704841]

[0.1, 0.1]
[0.368451, -0.033917]
[0.602179, 0.154155]
[0.809422, -0.062756]
[1.09715, 0.022171]
[1.396694, 0.005645]
[1.696383, -0.008015]
[1.8564, 0.245746]
[2.131445, 0.36554]
[2.431328, 0.357172]
[2.595488, 0.106072]
[2.894575, 0.082689]
[2.921964, -0.216058]
[3.217808, -0.265821]
[3.486025, -0.131435]
[3.647782, -0.38409]
[3.589473, -0.678369]
[3.492952, -0.962418]
[3.324762, -1.210837]
[3.207113, -1.486806]
[3.013636, -1.71608]
[3.105156, -2.001779]
[3.369994, -2.142707]
[3.230984, -2.408557]
[3.017504, -2.619332]
[3.011201, -2.919266]

Solution Cost(s)

38.59329737066414
82.72600254758619
40.17098449518047
97.49999999999997
