Solution Path(s)

[0, 44, 174, 247, 168, 127, 196, 202]
[0, 44, 174, 247, 168, 177, 17, 192, 212, 218, 164]


Solution Vertices(s)

[0.1, 0.1]
[0.1022095000332448, 0.531414263822799]
[0.24192874841337653, 0.9746819509454698]
[0.40082198279300774, 1.363458020389443]
[0.5622958864004777, 1.7078224885078308]
[0.7799029143983593, 2.2174590871506283]
[1.099487489769408, 2.6881771085770025]
[1.1953115521548225, 2.7709117423302825]

[0.1, 0.1]
[0.1022095000332448, 0.531414263822799]
[0.24192874841337653, 0.9746819509454698]
[0.40082198279300774, 1.363458020389443]
[0.5622958864004777, 1.7078224885078308]
[0.8841644344946781, 1.987035135988486]
[1.339416, 2.345193]
[1.50790270667658, 2.8092932299633713]
[1.9324138065923344, 2.9815017182196843]
[2.259153173390125, 3.278584758591952]
[2.428300148643869, 3.5047562525081752]

Solution Cost(s)

12.570998438245802
24.91553161033479
