Solution Path(s)

[0, 1, 6, 8, 9, 11, 14, 20, 25, 103, 176]
[0, 1, 6, 8, 9, 11, 14, 20, 23, 27, 55, 63, 67, 84]


Solution Vertices(s)

[0.1, 0.1]
[0.579471, 0.2418]
[1.079183, 0.22483]
[1.578348, 0.195947]
[1.520639, 0.692606]
[1.768933, 1.126599]
[1.938722, 1.596888]
[1.759679, 2.063732]
[1.4157712762122605, 2.0622044042423946]
[1.2742227736012413, 2.2535758877682457]
[1.197775723204149, 2.215786505818578]

[0.1, 0.1]
[0.579471, 0.2418]
[1.079183, 0.22483]
[1.578348, 0.195947]
[1.520639, 0.692606]
[1.768933, 1.126599]
[1.938722, 1.596888]
[1.759679, 2.063732]
[1.689425, 2.558772]
[1.741454, 3.056058]
[2.239338, 3.102009]
[2.718253, 3.245677]
[2.56309, 3.720992]
[2.4820927534949906, 3.5731780787080036]

Solution Cost(s)

26.093073598327518
45.168551206667615
